
Structure is:
byte encoding[3][max_length_of_any_lang_data] = {
    { ASCII characters that need to be typed },
    { USB HID scan codes },                 
    { USB HID scan codes - modifiers }, 
};
// USB HID scan codes reference: https://gist.github.com/MightyPork/6da26e382a7ad91b5496ee55fdc73db2



cm.properties
byte encoding[3][78] = {
    { 33,34,35,36,37,38,39,40,41,42,43,44,45,46,47,48,49,50,51,52,53,54,55,56,57,58,59,60,61,62,63,64,65,77,81,87,89,90,91,92,93,94,95,96,97,105,109,113,119,121,122,123,124,125,126,127,162,163,164,167,168,201,233 },
    { 30,55,32,33,34,36,54,38,39,37,46,54,45,55,53,39,30,31,32,33,34,35,36,37,38,51,51,54,46,55,35,31,4,16,20,26,28,29,38,53,39,47,45,47,4,12,16,20,26,28,29,36,53,37,48,42,6,32,33,22,46,56,56 },
    { 2,2,2,2,2,2,2,2,2,2,2,0,0,0,0,0,0,0,0,0,0,0,0,0,0,2,0,64,0,64,2,2,2,2,2,2,2,2,64,2,64,0,2,64,0,0,0,0,0,0,0,64,64,64,64,0,16,80,64,80,64,2,0 },
};

Tranmission strings:
ENC,D:2122232425262728292A2B2C2D2E2F303132333435363738393A3B3C3D3E3F40414D5157595A5B5C5D5E5F6061696D7177797A7B7C7D7E7FA2A3A4A7A8C9E9,end
ENC,U:1E3720212224362627252E362D3735271E1F202122232425263333362E37231F0410141A1C1D2635272F2D2F040C10141A1C1D243525302A062021162E3838,end
ENC,M:020202020202020202020200000000000000000000000000000200400040020202020202020240024000024000000000000000404040400010504050400200,end

cm,2122232425262728292A2B2C2D2E2F303132333435363738393A3B3C3D3E3F40414D5157595A5B5C5D5E5F6061696D7177797A7B7C7D7E7FA2A3A4A7A8C9E9,1E3720212224362627252E362D3735271E1F202122232425263333362E37231F0410141A1C1D2635272F2D2F040C10141A1C1D243525302A062021162E3838,020202020202020202020200000000000000000000000000000200400040020202020202020240024000024000000000000000404040400010504050400200



gb.properties
byte encoding[3][78] = {
    { 33,34,35,36,37,38,39,40,41,42,43,44,45,46,47,48,49,50,51,52,53,54,55,56,57,58,59,60,61,62,63,64,65,77,81,87,89,90,91,92,93,94,95,96,97,105,109,113,119,121,122,123,124,125,126,127,160,163,166,172,233,237,243,250 },
    { 30,31,50,33,34,36,52,38,39,37,46,54,45,55,56,39,30,31,32,33,34,35,36,37,38,51,51,54,46,55,56,52,4,16,20,26,28,29,47,100,48,35,45,53,4,12,16,20,26,28,29,47,100,48,50,42,44,32,53,53,8,12,18,24 },
    { 2,2,0,2,2,2,0,2,2,2,2,0,0,0,0,0,0,0,0,0,0,0,0,0,0,2,0,2,0,2,2,2,2,2,2,2,2,2,0,0,0,2,2,0,0,0,0,0,0,0,0,2,2,2,2,0,0,2,64,2,64,64,64,64 },
};

Tranmission strings:
ENC,D:2122232425262728292A2B2C2D2E2F303132333435363738393A3B3C3D3E3F40414D5157595A5B5C5D5E5F6061696D7177797A7B7C7D7E7FA0A3A6ACE9EDF3FA,end
ENC,U:1E1F32212224342627252E362D3738271E1F202122232425263333362E3738340410141A1C1D2F6430232D35040C10141A1C1D2F6430322A2C203535080C1218,end
ENC,M:02020002020200020202020000000000000000000000000000020002000202020202020202020000000202000000000000000002020202000002400240404040,end

gb,2122232425262728292A2B2C2D2E2F303132333435363738393A3B3C3D3E3F40414D5157595A5B5C5D5E5F6061696D7177797A7B7C7D7E7FA0A3A6ACE9EDF3FA,1E1F32212224342627252E362D3738271E1F202122232425263333362E3738340410141A1C1D2F6430232D35040C10141A1C1D2F6430322A2C203535080C1218,02020002020200020202020000000000000000000000000000020002000202020202020202020000000202000000000000000002020202000002400240404040



no.properties
byte encoding[3][78] = {
    { 33,34,35,36,37,38,39,40,41,42,43,44,45,46,47,48,49,50,51,52,53,54,55,56,57,58,59,60,61,62,63,64,65,77,81,87,89,90,91,92,93,94,95,96,97,105,109,113,119,121,122,123,124,125,126,127,160,163,164,167,171,181,189,197,198,216,223,229,230,240,248,254 },
    { 30,31,32,33,34,35,49,37,38,49,45,54,56,55,36,39,30,31,32,33,34,35,36,37,38,55,54,100,39,100,45,31,4,16,20,26,28,29,37,46,38,48,56,46,4,12,16,20,26,28,29,36,53,39,48,42,44,32,33,53,33,16,53,47,52,51,22,47,52,7,51,23 },
    { 2,2,2,64,2,2,0,2,2,2,0,0,0,0,2,0,0,0,0,0,0,0,0,0,0,2,2,0,2,2,2,64,2,2,2,2,2,2,64,0,64,2,2,2,0,0,0,0,0,0,0,64,0,64,64,0,0,64,2,2,0,64,0,2,2,2,64,0,0,64,0,64 },
};

Tranmission strings:
ENC,D:2122232425262728292A2B2C2D2E2F303132333435363738393A3B3C3D3E3F40414D5157595A5B5C5D5E5F6061696D7177797A7B7C7D7E7FA0A3A4A7ABB5BDC5C6D8DFE5E6F0F8FE,end
ENC,U:1E1F20212223312526312D36383724271E1F2021222324252637366427642D1F0410141A1C1D252E2630382E040C10141A1C1D243527302A2C2021352110352F3433162F34073317,end
ENC,M:020202400202000202020000000002000000000000000000000202000202024002020202020240004002020200000000000000400040400000400202004000020202400000400040,end

no,2122232425262728292A2B2C2D2E2F303132333435363738393A3B3C3D3E3F40414D5157595A5B5C5D5E5F6061696D7177797A7B7C7D7E7FA0A3A4A7ABB5BDC5C6D8DFE5E6F0F8FE,1E1F20212223312526312D36383724271E1F2021222324252637366427642D1F0410141A1C1D252E2630382E040C10141A1C1D243527302A2C2021352110352F3433162F34073317,020202400202000202020000000002000000000000000000000202000202024002020202020240004002020200000000000000400040400000400202004000020202400000400040



si.properties
byte encoding[3][78] = {
    { 97,105,109,122,121,113,119,65,77,90,89,81,87,33,34,35,36,37,38,47,40,41,61,63,42,39,43,126,96,92,124,247,215,91,93,223,164,60,62,64,123,125,46,45,58,95,44,59,167,184,168,94,176,180,168,184,48,49,50,51,52,53,54,55,56,57 },
    { 4,12,16,28,29,20,26,4,16,28,29,20,26,30,31,32,33,34,35,36,37,38,39,45,46,45,46,30,36,20,26,47,48,9,10,52,49,100,100,25,5,17,55,56,55,56,54,54,16,53,53,32,34,38,45,46,39,30,31,32,33,34,35,36,37,38 },
    { 0,0,0,0,0,0,0,2,2,2,2,2,2,2,2,2,2,2,2,2,2,2,2,2,2,0,0,64,64,64,64,64,64,64,64,64,64,0,2,64,64,64,0,0,2,2,0,2,64,0,2,64,64,64,64,64,0,0,0,0,0,0,0,0,0,0 },
};

Tranmission strings:
ENC,D:61696D7A797177414D5A5951572122232425262F28293D3F2A272B7E605C7CF7D75B5DDFA43C3E407B7D2E2D3A5F2C3BA7B8A85EB0B4A8B830313233343536373839,end
ENC,U:040C101C1D141A04101C1D141A1E1F20212223242526272D2E2D2E1E24141A2F30090A343164641905113738373836361035352022262D2E271E1F20212223242526,end
ENC,M:000000000000000202020202020202020202020202020202020000404040404040404040400002404040000002020002400002404040404000000000000000000000,end

si,61696D7A797177414D5A5951572122232425262F28293D3F2A272B7E605C7CF7D75B5DDFA43C3E407B7D2E2D3A5F2C3BA7B8A85EB0B4A8B830313233343536373839,040C101C1D141A04101C1D141A1E1F20212223242526272D2E2D2E1E24141A2F30090A343164641905113738373836361035352022262D2E271E1F20212223242526,000000000000000202020202020202020202020202020202020000404040404040404040400002404040000002020002400002404040404000000000000000000000



be.properties
byte encoding[3][78] = {
    { 33,34,35,36,37,38,39,40,41,42,43,44,45,46,47,48,49,50,51,52,53,54,55,56,57,58,59,60,61,62,63,64,65,77,81,87,89,90,91,92,93,94,95,96,97,105,109,113,119,121,122,123,124,125,126,127,160,163,167,176,178,179,181,224,231,232,233,249 },
    { 37,32,32,48,52,30,33,34,45,48,56,16,46,54,55,39,30,31,32,33,34,35,36,37,38,55,54,100,56,100,16,31,20,51,4,29,28,26,47,100,48,35,46,49,20,12,51,4,29,28,26,38,30,39,56,42,44,49,35,45,53,53,49,39,38,36,31,52 },
    { 0,0,64,0,2,0,0,0,0,2,2,0,0,2,2,2,2,2,2,2,2,2,2,2,2,0,0,0,0,2,2,64,2,2,2,2,2,2,64,64,64,64,2,64,0,0,0,0,0,0,0,64,64,64,64,0,0,2,0,2,0,2,0,0,0,0,0,0 },
};

Tranmission strings:
ENC,D:2122232425262728292A2B2C2D2E2F303132333435363738393A3B3C3D3E3F40414D5157595A5B5C5D5E5F6061696D7177797A7B7C7D7E7FA0A3A7B0B2B3B5E0E7E8E9F9,end
ENC,U:25202030341E21222D3038102E3637271E1F202122232425263736643864101F1433041D1C1A2F6430232E31140C33041D1C1A261E27382A2C31232D3535312726241F34,end
ENC,M:0000400002000000000202000002020202020202020202020200000000020240020202020202404040400240000000000000004040404000000200020002000000000000,end

be,2122232425262728292A2B2C2D2E2F303132333435363738393A3B3C3D3E3F40414D5157595A5B5C5D5E5F6061696D7177797A7B7C7D7E7FA0A3A7B0B2B3B5E0E7E8E9F9,25202030341E21222D3038102E3637271E1F202122232425263736643864101F1433041D1C1A2F6430232E31140C33041D1C1A261E27382A2C31232D3535312726241F34,0000400002000000000202000002020202020202020202020200000000020240020202020202404040400240000000000000004040404000000200020002000000000000



sv.properties
byte encoding[3][78] = {
    { 33,34,35,36,37,38,39,40,41,42,43,44,45,46,47,48,49,50,51,52,53,54,55,56,57,58,59,60,61,62,63,64,65,77,81,87,89,90,91,92,93,94,95,96,97,105,109,113,119,121,122,123,124,125,127,160,163,164,167,171,181,189,196,197,214,223,228,229,240,246,254 },
    { 30,31,32,33,34,35,49,37,38,49,45,54,56,55,36,39,30,31,32,33,34,35,36,37,38,55,54,100,39,100,45,31,4,16,20,26,28,29,37,45,38,48,56,46,4,12,16,20,26,28,29,36,100,39,42,44,32,33,53,33,16,53,52,47,51,22,52,47,7,51,23 },
    { 2,2,2,64,2,2,0,2,2,2,0,0,0,0,2,0,0,0,0,0,0,0,0,0,0,2,2,0,2,2,2,64,2,2,2,2,2,2,64,64,64,2,2,2,0,0,0,0,0,0,0,64,64,64,0,0,64,2,0,0,64,2,2,2,2,64,0,0,64,0,64 },
};

Tranmission strings:
ENC,D:2122232425262728292A2B2C2D2E2F303132333435363738393A3B3C3D3E3F40414D5157595A5B5C5D5E5F6061696D7177797A7B7C7D7FA0A3A4A7ABB5BDC4C5D6DFE4E5F0F6FE,end
ENC,U:1E1F20212223312526312D36383724271E1F2021222324252637366427642D1F0410141A1C1D252D2630382E040C10141A1C1D2464272A2C202135211035342F3316342F073317,end
ENC,M:0202024002020002020200000000020000000000000000000002020002020240020202020202404040020202000000000000004040400000400200004002020202400000400040,end

sv,2122232425262728292A2B2C2D2E2F303132333435363738393A3B3C3D3E3F40414D5157595A5B5C5D5E5F6061696D7177797A7B7C7D7FA0A3A4A7ABB5BDC4C5D6DFE4E5F0F6FE,1E1F20212223312526312D36383724271E1F2021222324252637366427642D1F0410141A1C1D252D2630382E040C10141A1C1D2464272A2C202135211035342F3316342F073317,0202024002020002020200000000020000000000000000000002020002020240020202020202404040020202000000000000004040400000400200004002020202400000400040



us.properties
byte encoding[3][78] = {
    { 33,34,35,36,37,38,39,40,41,42,43,44,45,46,47,48,49,50,51,52,53,54,55,56,57,58,59,60,61,62,63,64,65,77,81,87,89,90,91,92,93,94,95,96,97,105,109,113,119,121,122,123,124,125,126,127 },
    { 30,52,32,33,34,36,52,38,39,37,46,54,45,55,56,39,30,31,32,33,34,35,36,37,38,51,51,54,46,55,56,31,4,16,20,26,28,29,47,49,48,35,45,53,4,12,16,20,26,28,29,47,49,48,53,42 },
    { 2,2,2,2,2,2,0,2,2,2,2,0,0,0,0,0,0,0,0,0,0,0,0,0,0,2,0,2,0,2,2,2,2,2,2,2,2,2,0,0,0,2,2,0,0,0,0,0,0,0,0,2,2,2,2,0 },
};

Tranmission strings:
ENC,D:2122232425262728292A2B2C2D2E2F303132333435363738393A3B3C3D3E3F40414D5157595A5B5C5D5E5F6061696D7177797A7B7C7D7E7F,end
ENC,U:1E3420212224342627252E362D3738271E1F202122232425263333362E37381F0410141A1C1D2F3130232D35040C10141A1C1D2F3130352A,end
ENC,M:0202020202020002020202000000000000000000000000000002000200020202020202020202000000020200000000000000000202020200,end

us,2122232425262728292A2B2C2D2E2F303132333435363738393A3B3C3D3E3F40414D5157595A5B5C5D5E5F6061696D7177797A7B7C7D7E7F,1E3420212224342627252E362D3738271E1F202122232425263333362E37381F0410141A1C1D2F3130232D35040C10141A1C1D2F3130352A,0202020202020002020202000000000000000000000000000002000200020202020202020202000000020200000000000000000202020200



fi.properties
byte encoding[3][78] = {
    { 167,48,49,50,51,52,53,54,55,56,57,43,180,113,119,121,105,97,228,246,228,39,60,122,109,44,46,45,33,34,35,164,37,38,47,40,41,61,63,96,81,87,89,65,94,214,196,42,62,90,77,59,58,95,64,76,36,123,91,93,125,92,126,124,181 },
    { 53,39,30,31,32,33,34,35,36,37,38,45,46,20,26,28,12,4,48,51,52,49,100,29,16,54,55,56,30,31,32,33,34,35,36,37,38,39,45,46,20,26,28,4,48,51,52,49,100,29,16,54,55,56,31,15,33,36,37,38,39,45,48,100,16 },
    { 0,0,0,0,0,0,0,0,0,0,0,0,0,0,0,0,0,0,0,0,0,0,0,0,0,0,0,0,2,2,2,2,2,2,2,2,2,2,2,2,2,2,2,2,2,2,2,2,2,2,2,2,2,2,64,2,64,64,64,64,64,64,64,64,64 },
};

Tranmission strings:
ENC,D:A7303132333435363738392BB47177796961E4F6E4273C7A6D2C2E2D212223A425262F28293D3F60515759415ED6C42A3E5A4D3B3A5F404C247B5B5D7D5C7E7CB5,end
ENC,U:35271E1F202122232425262D2E141A1C0C0430333431641D103637381E1F20212223242526272D2E141A1C0430333431641D103637381F0F21242526272D306410,end
ENC,M:0000000000000000000000000000000000000000000000000000000002020202020202020202020202020202020202020202020202024002404040404040404040,end

fi,A7303132333435363738392BB47177796961E4F6E4273C7A6D2C2E2D212223A425262F28293D3F60515759415ED6C42A3E5A4D3B3A5F404C247B5B5D7D5C7E7CB5,35271E1F202122232425262D2E141A1C0C0430333431641D103637381E1F20212223242526272D2E141A1C0430333431641D103637381F0F21242526272D306410,0000000000000000000000000000000000000000000000000000000002020202020202020202020202020202020202020202020202024002404040404040404040



it.properties
byte encoding[3][78] = {
    { 33,34,35,36,37,38,39,40,41,42,43,44,45,46,47,48,49,50,51,52,53,54,55,56,57,58,59,60,61,62,63,64,65,77,81,87,89,90,91,92,93,94,95,97,105,109,113,119,121,122,123,124,125,224,232,233,236,242,249 },
    { 30,31,52,33,34,35,45,37,38,48,48,54,56,55,36,39,30,31,32,33,34,35,36,37,38,55,54,100,39,100,45,51,4,16,20,26,28,29,47,53,48,46,56,4,12,16,20,26,28,29,47,53,48,52,47,47,46,51,49 },
    { 2,2,64,2,2,2,0,2,2,2,0,0,0,0,2,0,0,0,0,0,0,0,0,0,0,2,2,0,2,2,2,64,2,2,2,2,2,2,64,0,64,2,2,0,0,0,0,0,0,0,66,2,66,0,0,2,0,0,0 },
};

Tranmission strings:
ENC,D:2122232425262728292A2B2C2D2E2F303132333435363738393A3B3C3D3E3F40414D5157595A5B5C5D5E5F61696D7177797A7B7C7DE0E8E9ECF2F9,end
ENC,U:1E1F342122232D2526303036383724271E1F2021222324252637366427642D330410141A1C1D2F35302E38040C10141A1C1D2F3530342F2F2E3331,end
ENC,M:0202400202020002020200000000020000000000000000000002020002020240020202020202400040020200000000000000420242000002000000,end

it,2122232425262728292A2B2C2D2E2F303132333435363738393A3B3C3D3E3F40414D5157595A5B5C5D5E5F61696D7177797A7B7C7DE0E8E9ECF2F9,1E1F342122232D2526303036383724271E1F2021222324252637366427642D330410141A1C1D2F35302E38040C10141A1C1D2F3530342F2F2E3331,0202400202020002020200000000020000000000000000000002020002020240020202020202400040020200000000000000420242000002000000



ca.properties
byte encoding[3][78] = {
    { 33,34,35,36,37,38,39,40,41,42,43,44,45,46,47,48,49,50,51,52,53,54,55,56,57,58,59,60,61,62,63,64,65,77,81,87,89,90,91,92,93,94,95,96,97,105,109,113,119,121,122,123,124,125,126,127,162,163,164,166,167,168,172,173,175,180,181,182,184,177,178,179,188,189,190,201,233 },
    { 30,31,53,33,34,36,54,38,39,37,46,54,45,55,32,39,30,31,32,33,34,35,36,37,38,51,51,49,46,49,35,31,4,16,20,26,28,29,47,53,48,47,45,52,4,12,16,20,26,28,29,52,53,49,51,42,33,32,34,36,18,48,35,55,53,56,16,19,48,30,37,38,39,45,46,56,56 },
    { 2,2,0,2,2,2,2,2,2,2,2,0,0,0,2,0,0,0,0,0,0,0,0,0,0,2,0,0,0,2,2,64,2,2,2,2,2,2,64,64,64,0,2,0,0,0,0,0,0,0,0,64,2,64,64,0,64,64,64,64,64,2,64,64,64,64,64,64,0,64,64,64,64,64,64,2,0 },
};

Tranmission strings:
ENC,D:2122232425262728292A2B2C2D2E2F303132333435363738393A3B3C3D3E3F40414D5157595A5B5C5D5E5F6061696D7177797A7B7C7D7E7FA2A3A4A6A7A8ACADAFB4B5B6B8B1B2B3BCBDBEC9E9,end
ENC,U:1E1F35212224362627252E362D3720271E1F202122232425263333312E31231F0410141A1C1D2F35302F2D34040C10141A1C1D343531332A212022241230233735381013301E2526272D2E3838,end
ENC,M:0202000202020202020202000000020000000000000000000002000000020240020202020202404040000200000000000000004002404000404040404002404040404040004040404040400200,end

ca,2122232425262728292A2B2C2D2E2F303132333435363738393A3B3C3D3E3F40414D5157595A5B5C5D5E5F6061696D7177797A7B7C7D7E7FA2A3A4A6A7A8ACADAFB4B5B6B8B1B2B3BCBDBEC9E9,1E1F35212224362627252E362D3720271E1F202122232425263333312E31231F0410141A1C1D2F35302F2D34040C10141A1C1D343531332A212022241230233735381013301E2526272D2E3838,0202000202020202020202000000020000000000000000000002000000020240020202020202404040000200000000000000004002404000404040404002404040404040004040404040400200



fr.properties
byte encoding[3][78] = {
    { 33,34,35,36,37,38,39,40,41,42,43,44,45,46,47,48,49,50,51,52,53,54,55,56,57,58,59,60,61,62,63,64,65,77,81,87,89,90,91,92,93,94,95,96,97,105,109,113,119,121,122,123,124,125,126,127,160,163,164,167,176,178,181,224,231,232,233,249 },
    { 56,32,32,48,52,30,33,34,45,49,46,16,35,54,55,39,30,31,32,33,34,35,36,37,38,55,54,100,46,100,16,39,20,51,4,29,28,26,34,37,45,38,37,36,20,12,51,4,29,28,26,33,35,46,31,42,44,48,48,56,45,53,49,39,38,36,31,54 },
    { 0,0,64,0,2,0,0,0,0,0,2,0,0,2,2,2,2,2,2,2,2,2,2,2,2,0,0,0,0,2,2,64,2,2,2,2,2,2,64,64,64,64,0,64,0,0,0,0,0,0,0,64,64,64,64,0,0,2,64,2,2,0,2,0,0,0,0,0 },
};

Tranmission strings:
ENC,D:2122232425262728292A2B2C2D2E2F303132333435363738393A3B3C3D3E3F40414D5157595A5B5C5D5E5F6061696D7177797A7B7C7D7E7FA0A3A4A7B0B2B5E0E7E8E9F9,end
ENC,U:38202030341E21222D312E10233637271E1F202122232425263736642E6410271433041D1C1A22252D262524140C33041D1C1A21232E1F2A2C3030382D35312726241F36,end
ENC,M:0000400002000000000002000002020202020202020202020200000000020240020202020202404040400040000000000000004040404000000240020200020000000000,end

fr,2122232425262728292A2B2C2D2E2F303132333435363738393A3B3C3D3E3F40414D5157595A5B5C5D5E5F6061696D7177797A7B7C7D7E7FA0A3A4A7B0B2B5E0E7E8E9F9,38202030341E21222D312E10233637271E1F202122232425263736642E6410271433041D1C1A22252D262524140C33041D1C1A21232E1F2A2C3030382D35312726241F36,0000400002000000000002000002020202020202020202020200000000020240020202020202404040400040000000000000004040404000000240020200020000000000



tr.properties
byte encoding[3][78] = {
    { 33,34,35,36,37,38,39,40,41,42,43,44,45,46,47,48,49,50,51,52,53,54,55,56,57,58,59,60,61,62,63,64,65,77,81,87,89,90,91,92,93,94,95,96,97,105,109,113,119,121,122,123,124,125,126,127 },
    { 30,53,32,33,34,36,31,37,38,45,33,49,46,56,36,39,30,31,32,33,34,35,36,37,38,56,49,54,39,55,45,20,4,16,20,26,28,29,37,45,38,32,46,49,4,52,16,20,26,28,29,36,49,39,48,42 },
    { 2,0,64,64,2,2,2,2,2,0,2,0,0,0,2,0,0,0,0,0,0,0,0,0,0,2,2,2,2,2,2,64,2,2,2,2,2,2,64,64,64,2,2,64,0,0,0,0,0,0,0,64,2,64,64,0 },
};

Tranmission strings:
ENC,D:2122232425262728292A2B2C2D2E2F303132333435363738393A3B3C3D3E3F40414D5157595A5B5C5D5E5F6061696D7177797A7B7C7D7E7F,end
ENC,U:1E35202122241F25262D21312E3824271E1F2021222324252638313627372D140410141A1C1D252D26202E31043410141A1C1D243127302A,end
ENC,M:0200404002020202020002000000020000000000000000000002020202020240020202020202404040020240000000000000004002404000,end

tr,2122232425262728292A2B2C2D2E2F303132333435363738393A3B3C3D3E3F40414D5157595A5B5C5D5E5F6061696D7177797A7B7C7D7E7F,1E35202122241F25262D21312E3824271E1F2021222324252638313627372D140410141A1C1D252D26202E31043410141A1C1D243127302A,0200404002020202020002000000020000000000000000000002020202020240020202020202404040020240000000000000004002404000



hr.properties
byte encoding[3][78] = {
    { 97,105,109,122,121,113,119,65,77,90,89,81,87,33,34,35,36,37,38,47,40,41,61,63,42,39,43,126,96,92,124,247,215,91,93,223,164,60,62,64,123,125,46,45,58,95,44,59,167,184,168,94,176,180,168,184,48,49,50,51,52,53,54,55,56,57 },
    { 4,12,16,28,29,20,26,4,16,28,29,20,26,30,31,32,33,34,35,36,37,38,39,45,46,45,46,30,36,20,26,47,48,9,10,52,49,100,100,25,5,17,55,56,55,56,54,54,16,53,53,32,34,38,45,46,39,30,31,32,33,34,35,36,37,38 },
    { 0,0,0,0,0,0,0,2,2,2,2,2,2,2,2,2,2,2,2,2,2,2,2,2,2,0,0,64,64,64,64,64,64,64,64,64,64,0,2,64,64,64,0,0,2,2,0,2,64,0,2,64,64,64,64,64,0,0,0,0,0,0,0,0,0,0 },
};

Tranmission strings:
ENC,D:61696D7A797177414D5A5951572122232425262F28293D3F2A272B7E605C7CF7D75B5DDFA43C3E407B7D2E2D3A5F2C3BA7B8A85EB0B4A8B830313233343536373839,end
ENC,U:040C101C1D141A04101C1D141A1E1F20212223242526272D2E2D2E1E24141A2F30090A343164641905113738373836361035352022262D2E271E1F20212223242526,end
ENC,M:000000000000000202020202020202020202020202020202020000404040404040404040400002404040000002020002400002404040404000000000000000000000,end

hr,61696D7A797177414D5A5951572122232425262F28293D3F2A272B7E605C7CF7D75B5DDFA43C3E407B7D2E2D3A5F2C3BA7B8A85EB0B4A8B830313233343536373839,040C101C1D141A04101C1D141A1E1F20212223242526272D2E2D2E1E24141A2F30090A343164641905113738373836361035352022262D2E271E1F20212223242526,000000000000000202020202020202020202020202020202020000404040404040404040400002404040000002020002400002404040404000000000000000000000



ch.properties
byte encoding[3][78] = {
    { 33,34,35,36,37,38,39,40,41,42,43,44,45,46,47,48,49,50,51,52,53,54,55,56,57,58,59,60,61,62,63,64,65,77,81,87,89,90,91,92,93,94,95,96,97,105,109,113,119,121,122,123,124,125,126,127,160,167,176,196,214,220,223,228,246,252 },
    { 48,31,32,49,34,35,45,37,38,32,30,54,56,55,36,39,30,31,32,33,34,35,36,37,38,55,54,100,39,100,45,31,4,16,20,26,29,28,47,100,48,46,56,46,4,12,16,20,26,29,28,53,36,49,46,42,44,53,53,52,51,47,45,52,51,47 },
    { 2,2,64,0,2,2,0,2,2,2,2,0,0,0,2,0,0,0,0,0,0,0,0,0,0,2,2,0,2,2,2,64,2,2,2,2,2,2,64,64,64,0,2,2,0,0,0,0,0,0,0,64,64,64,64,0,0,0,2,2,2,2,0,0,0,0 },
};

Tranmission strings:
ENC,D:2122232425262728292A2B2C2D2E2F303132333435363738393A3B3C3D3E3F40414D5157595A5B5C5D5E5F6061696D7177797A7B7C7D7E7FA0A7B0C4D6DCDFE4F6FC,end
ENC,U:301F203122232D2526201E36383724271E1F2021222324252637366427642D1F0410141A1D1C2F64302E382E040C10141A1D1C3524312E2A2C353534332F2D34332F,end
ENC,M:020240000202000202020200000002000000000000000000000202000202024002020202020240404000020200000000000000404040400000000202020200000000,end

ch,2122232425262728292A2B2C2D2E2F303132333435363738393A3B3C3D3E3F40414D5157595A5B5C5D5E5F6061696D7177797A7B7C7D7E7FA0A7B0C4D6DCDFE4F6FC,301F203122232D2526201E36383724271E1F2021222324252637366427642D1F0410141A1D1C2F64302E382E040C10141A1D1C3524312E2A2C353534332F2D34332F,020240000202000202020200000002000000000000000000000202000202024002020202020240404000020200000000000000404040400000000202020200000000



es.properties
byte encoding[3][78] = {
    { 33,34,35,36,37,38,39,40,41,42,43,44,45,46,47,48,49,50,51,52,53,54,55,56,57,58,59,60,61,62,63,64,65,77,81,87,89,90,91,92,93,94,95,97,105,109,113,119,121,122,123,124,125,126,186,224,232,233,236,242,249 },
    { 30,31,32,33,34,35,45,37,38,48,48,54,56,55,36,39,30,31,32,33,34,35,36,37,38,55,54,100,39,100,45,31,4,16,20,26,28,29,47,53,48,47,56,4,12,16,20,26,28,29,47,30,48,33,53,52,47,47,46,51,49 },
    { 2,2,64,2,2,2,0,2,2,2,0,0,0,0,2,0,0,0,0,0,0,0,0,0,0,2,2,0,2,2,2,64,2,2,2,2,2,2,64,64,64,2,2,0,0,0,0,0,0,0,66,64,66,64,0,0,0,2,0,0,0 },
};

Tranmission strings:
ENC,D:2122232425262728292A2B2C2D2E2F303132333435363738393A3B3C3D3E3F40414D5157595A5B5C5D5E5F61696D7177797A7B7C7D7EBAE0E8E9ECF2F9,end
ENC,U:1E1F202122232D2526303036383724271E1F2021222324252637366427642D1F0410141A1C1D2F35302F38040C10141A1C1D2F1E302135342F2F2E3331,end
ENC,M:02024002020200020202000000000200000000000000000000020200020202400202020202024040400202000000000000004240424000000002000000,end

es,2122232425262728292A2B2C2D2E2F303132333435363738393A3B3C3D3E3F40414D5157595A5B5C5D5E5F61696D7177797A7B7C7D7EBAE0E8E9ECF2F9,1E1F202122232D2526303036383724271E1F2021222324252637366427642D1F0410141A1C1D2F35302F38040C10141A1C1D2F1E302135342F2F2E3331,02024002020200020202000000000200000000000000000000020200020202400202020202024040400202000000000000004240424000000002000000



pt.properties
byte encoding[3][78] = {
    { 33,49,34,50,35,51,36,52,37,53,38,54,47,55,40,56,41,57,61,48,63,39,42,43,44,59,45,95,46,58,60,62,64,65,77,81,87,89,90,91,93,94,126,96,97,105,109,113,119,121,122,123,125,124,92,127,231,199,186,170,167,163,171,187 },
    { 30,30,31,31,32,32,33,33,34,34,35,35,36,36,37,37,38,38,39,39,45,45,47,47,54,54,56,56,55,55,100,100,31,4,16,20,26,28,29,37,38,50,50,48,4,12,16,20,26,28,29,36,39,53,53,42,51,51,52,52,33,32,46,46 },
    { 2,0,2,0,2,0,2,0,2,0,2,0,2,0,2,0,2,0,2,0,2,0,2,0,0,2,0,2,0,2,0,2,64,2,2,2,2,2,2,64,64,2,0,2,0,0,0,0,0,0,0,64,64,2,0,0,0,2,0,2,64,64,0,2 },
};

Tranmission strings:
ENC,D:2131223223332434253526362F37283829393D303F272A2B2C3B2D5F2E3A3C3E40414D5157595A5B5D5E7E6061696D7177797A7B7D7C5C7FE7C7BAAAA7A3ABBB,end
ENC,U:1E1E1F1F202021212222232324242525262627272D2D2F2F36363838373764641F0410141A1C1D2526323230040C10141A1C1D242735352A3333343421202E2E,end
ENC,M:02000200020002000200020002000200020002000200020000020002000200024002020202020240400200020000000000000040400200000002000240400002,end

pt,2131223223332434253526362F37283829393D303F272A2B2C3B2D5F2E3A3C3E40414D5157595A5B5D5E7E6061696D7177797A7B7D7C5C7FE7C7BAAAA7A3ABBB,1E1E1F1F202021212222232324242525262627272D2D2F2F36363838373764641F0410141A1C1D2526323230040C10141A1C1D242735352A3333343421202E2E,02000200020002000200020002000200020002000200020000020002000200024002020202020240400200020000000000000040400200000002000240400002



br.properties
byte encoding[3][78] = {
    { 97,105,109,122,119,121,113,231,65,77,90,87,89,81,199,39,33,64,35,36,37,38,42,40,41,95,43,34,45,61,47,63,176,91,93,123,125,92,44,46,59,60,62,58,167,180,126,124,94,96,48,49,50,51,52,53,54,55,56,57 },
    { 4,12,16,29,26,28,20,51,4,16,29,26,28,20,51,53,30,31,32,33,34,36,37,38,39,45,46,53,45,46,20,26,8,48,49,48,49,100,54,55,56,54,55,56,46,47,52,100,52,47,39,30,31,32,33,34,35,36,37,38 },
    { 0,0,0,0,0,0,0,0,2,2,2,2,2,2,2,0,2,2,2,2,2,2,2,2,2,2,2,2,0,0,64,64,64,0,0,2,2,0,0,0,0,2,2,2,64,0,0,2,2,2,0,0,0,0,0,0,0,0,0,0 },
};

Tranmission strings:
ENC,D:61696D7A777971E7414D5A575951C7272140232425262A28295F2B222D3D2F3FB05B5D7B7D5C2C2E3B3C3E3AA7B47E7C5E6030313233343536373839,end
ENC,U:040C101D1A1C143304101D1A1C1433351E1F202122242526272D2E352D2E141A0830313031643637383637382E2F3464342F271E1F20212223242526,end
ENC,M:000000000000000002020202020202000202020202020202020202020000404040000002020000000002020240000002020200000000000000000000,end

br,61696D7A777971E7414D5A575951C7272140232425262A28295F2B222D3D2F3FB05B5D7B7D5C2C2E3B3C3E3AA7B47E7C5E6030313233343536373839,040C101D1A1C143304101D1A1C1433351E1F202122242526272D2E352D2E141A0830313031643637383637382E2F3464342F271E1F20212223242526,000000000000000002020202020202000202020202020202020202020000404040000002020000000002020240000002020200000000000000000000



de.properties
byte encoding[3][78] = {
    { 33,34,35,36,37,38,39,40,41,42,43,44,45,46,47,48,49,50,51,52,53,54,55,56,57,58,59,60,61,62,63,64,65,77,81,87,89,90,91,92,93,94,95,96,97,105,109,113,119,121,122,123,124,125,126,127,160,164,167,176,178,179,196,214,220,223,228,246,252 },
    { 30,31,49,33,34,35,49,37,38,48,48,54,56,55,36,39,30,31,32,33,34,35,36,37,38,55,54,100,39,100,45,20,4,16,20,26,29,28,37,45,38,53,56,46,4,12,16,20,26,29,28,36,100,39,48,42,44,8,32,53,31,32,52,51,47,45,52,51,47 },
    { 2,2,0,2,2,2,2,2,2,2,0,0,0,0,2,0,0,0,0,0,0,0,0,0,0,2,2,0,2,2,2,64,2,2,2,2,2,2,64,64,64,0,2,2,0,0,0,0,0,0,0,64,64,64,64,0,0,64,2,2,64,64,2,2,2,0,0,0,0 },
};

Tranmission strings:
ENC,D:2122232425262728292A2B2C2D2E2F303132333435363738393A3B3C3D3E3F40414D5157595A5B5C5D5E5F6061696D7177797A7B7C7D7E7FA0A4A7B0B2B3C4D6DCDFE4F6FC,end
ENC,U:1E1F31212223312526303036383724271E1F2021222324252637366427642D140410141A1D1C252D2635382E040C10141A1D1C246427302A2C0820351F2034332F2D34332F,end
ENC,M:020200020202020202020000000002000000000000000000000202000202024002020202020240404000020200000000000000404040400000400202404002020200000000,end

de,2122232425262728292A2B2C2D2E2F303132333435363738393A3B3C3D3E3F40414D5157595A5B5C5D5E5F6061696D7177797A7B7C7D7E7FA0A4A7B0B2B3C4D6DCDFE4F6FC,1E1F31212223312526303036383724271E1F2021222324252637366427642D140410141A1D1C252D2635382E040C10141A1D1C246427302A2C0820351F2034332F2D34332F,020200020202020202020000000002000000000000000000000202000202024002020202020240404000020200000000000000404040400000400202404002020200000000



dk.properties
byte encoding[3][78] = {
    { 33,34,35,36,37,38,39,40,41,42,43,44,45,46,47,48,49,50,51,52,53,54,55,56,57,58,59,60,61,62,63,64,65,77,81,87,89,90,91,92,93,95,97,105,109,113,119,121,122,123,124,125,126,127,160,163,164,167,171,181,189,197,198,216,223,229,230,240,248,254 },
    { 30,31,32,33,34,35,49,37,38,49,45,54,56,55,36,39,30,31,32,33,34,35,36,37,38,55,54,100,39,100,45,31,4,16,20,26,28,29,37,100,38,56,4,12,16,20,26,28,29,36,46,39,48,42,44,32,33,53,33,16,53,47,51,52,22,47,51,7,52,23 },
    { 2,2,2,64,2,2,0,2,2,2,0,0,0,0,2,0,0,0,0,0,0,0,0,0,0,2,2,0,2,2,2,64,2,2,2,2,2,2,64,64,64,2,0,0,0,0,0,0,0,64,64,64,64,0,0,64,2,2,0,64,0,2,2,2,64,0,0,64,0,64 },
};

Tranmission strings:
ENC,D:2122232425262728292A2B2C2D2E2F303132333435363738393A3B3C3D3E3F40414D5157595A5B5C5D5F61696D7177797A7B7C7D7E7FA0A3A4A7ABB5BDC5C6D8DFE5E6F0F8FE,end
ENC,U:1E1F20212223312526312D36383724271E1F2021222324252637366427642D1F0410141A1C1D25642638040C10141A1C1D242E27302A2C2021352110352F3334162F33073417,end
ENC,M:02020240020200020202000000000200000000000000000000020200020202400202020202024040400200000000000000404040400000400202004000020202400000400040,end

dk,2122232425262728292A2B2C2D2E2F303132333435363738393A3B3C3D3E3F40414D5157595A5B5C5D5F61696D7177797A7B7C7D7E7FA0A3A4A7ABB5BDC5C6D8DFE5E6F0F8FE,1E1F20212223312526312D36383724271E1F2021222324252637366427642D1F0410141A1C1D25642638040C10141A1C1D242E27302A2C2021352110352F3334162F33073417,02020240020200020202000000000200000000000000000000020200020202400202020202024040400200000000000000404040400000400202004000020202400000400040



cs.properties
byte encoding[3][78] = {
    { 33,34,35,36,37,38,39,40,41,42,43,44,45,46,47,48,49,50,51,52,53,54,55,56,57,58,59,60,61,62,63,64,65,77,81,87,89,90,91,92,93,94,95,96,97,105,109,113,119,121,122,123,124,125,126,127 },
    { 52,51,27,51,45,6,49,48,48,56,30,54,56,55,47,39,30,31,32,33,34,35,36,37,38,55,53,54,45,55,54,25,4,16,20,26,29,28,9,20,10,35,56,53,4,12,16,20,26,29,28,5,26,17,4,42 },
    { 2,2,64,64,2,64,2,2,0,64,0,0,0,0,2,2,2,2,2,2,2,2,2,2,2,2,0,64,0,64,2,64,2,2,2,2,2,2,64,64,64,64,2,64,0,0,0,0,0,0,0,64,64,64,64,0 },
};

Tranmission strings:
ENC,D:2122232425262728292A2B2C2D2E2F303132333435363738393A3B3C3D3E3F40414D5157595A5B5C5D5E5F6061696D7177797A7B7C7D7E7F,end
ENC,U:34331B332D06313030381E3638372F271E1F202122232425263735362D3736190410141A1D1C09140A233835040C10141A1D1C051A11042A,end
ENC,M:0202404002400202004000000000020202020202020202020202004000400240020202020202404040400240000000000000004040404000,end

cs,2122232425262728292A2B2C2D2E2F303132333435363738393A3B3C3D3E3F40414D5157595A5B5C5D5E5F6061696D7177797A7B7C7D7E7F,34331B332D06313030381E3638372F271E1F202122232425263735362D3736190410141A1D1C09140A233835040C10141A1D1C051A11042A,0202404002400202004000000000020202020202020202020202004000400240020202020202404040400240000000000000004040404000



gb_mac.properties
byte encoding[3][78] = {
    { 33,34,35,36,37,38,39,40,41,42,43,44,45,46,47,48,49,50,51,52,53,54,55,56,57,58,59,60,61,62,63,64,65,77,81,87,89,90,91,92,93,94,95,96,97,105,109,113,119,121,122,123,124,125,126,127,160,163,166,172,233,237,243,250 },
    { 30,31,50,33,34,36,52,38,39,37,46,54,45,55,56,39,30,31,32,33,34,35,36,37,38,51,51,54,46,55,56,52,4,16,20,26,28,29,47,53,48,35,45,100,4,12,16,20,26,28,29,47,53,48,50,42,44,32,100,100,8,12,18,24 },
    { 2,2,0,2,2,2,0,2,2,2,2,0,0,0,0,0,0,0,0,0,0,0,0,0,0,2,0,2,0,2,2,2,2,2,2,2,2,2,0,0,0,2,2,0,0,0,0,0,0,0,0,2,2,2,2,0,0,2,64,2,64,64,64,64 },
};

Tranmission strings:
ENC,D:2122232425262728292A2B2C2D2E2F303132333435363738393A3B3C3D3E3F40414D5157595A5B5C5D5E5F6061696D7177797A7B7C7D7E7FA0A3A6ACE9EDF3FA,end
ENC,U:1E1F32212224342627252E362D3738271E1F202122232425263333362E3738340410141A1C1D2F3530232D64040C10141A1C1D2F3530322A2C206464080C1218,end
ENC,M:02020002020200020202020000000000000000000000000000020002000202020202020202020000000202000000000000000002020202000002400240404040,end

gb_mac,2122232425262728292A2B2C2D2E2F303132333435363738393A3B3C3D3E3F40414D5157595A5B5C5D5E5F6061696D7177797A7B7C7D7E7FA0A3A6ACE9EDF3FA,1E1F32212224342627252E362D3738271E1F202122232425263333362E3738340410141A1C1D2F3530232D64040C10141A1C1D2F3530322A2C206464080C1218,02020002020200020202020000000000000000000000000000020002000202020202020202020000000202000000000000000002020202000002400240404040



